BO
8268
3464
5883
5698
1597
6333
1457
6235
3152
8512
2871
8008
3736
766
4111
7264
9479
549
7136
673
2248
3960
3822
1306
9384
3719
5364
5257
3141
4376
2171
2496
4834
7270
8102
3197
2282
6861
4275
1095
5659
6493
8641
5647
3770
4148
7469
2253
8677
2399
7977
6608
1191
8667
271
2205
7942
1872
4927
1114
2408
1355
4702
5573
6090
1898
8565
5374
1992
824
9452
4017
1477
9224
8069
355
5286
7897
7074
7218
1957
2000
4381
5901
7756
1754
1715
576
1497
419
6819
3032
2295
5396
9814
3188
8240
1538
6666
1584
4442
2912
8737
7460
4160
6055
1070
4030
3240
8463
6336
9444
8155
7888
1230
407
5564
5387
4155
6763
2889
8245
5644
3975
8940
1009
5913
925
659
7241
4404
996
2084
5936
7483
3519
1382
9928
670
7026
9899
6874
6909
7783
6251
852
3925
3590
1312
8874
6404
8542
1147
2107
2709
9273
2728
2948
7355
647
507
2089
6151
9320
2283
7903
9213
661
7201
4837
3861
3603
1698
6642
9841
7054
7250
5819
7481
8384
7179
2334
9021
1942
1914
4727
8067
71
7662
4972
8844
6671
5977
1619
6745
8501
2860
8615
3419
992
6048
2143
2351
9012
9311
5773
8520
7773
2381
9492
1779
3630
3540
5115
4678
6231
8727
2139
3656
5989
1457
5265
2628
6725
7458
9452
1499
9804
9262
7670
6606
8364
7103
9976
7436
606
7161
6266
8202
347
8575
4224
2457
6519
7205
2406
2989
3377
8171
6590
3817
3765
1460
4125
5695
9970
8971
7048
9398
240
8742
1788
1269
1671
9705
7224
8522
6206
7412
7784
5385
2487
1476
7001
1940
6697
7144
2614
224
677
9547
3851
9870
185
1037
7624
9211
5373
9721
6479
7798
3504
9517
51
4506
24
9755
2001
5103
4882
3851
8263
3743
3061
1577
5588
7999
8015
9675
5468
537
4746
4376
585
8999
7211
8953
2896
7047
7822
1977
2096
1248
1370
9690
3656
949
3000
7020
4787
310
8180
1438
2232
6610
4965
8573
355
5378
4839
1763
4894
3686
5060
6005
5319
1025
3045
1652
9947
5222
2423
2501
9506
7882
9654
4712
7766
1710
8657
951
6792
3610
4438
266
7350
810
1868
9719
794
8016
2951
5357
7594
4089
9256
2464
3131
1266
5603
330
5302
3046
8311
6579
2763
6402
1229
6137
8862
3806
9170
4487
2765
9225
7104
6596
2851
3414
5609
3701
2467
3196
741
10000
852
3354
7172
9353
714
1479
4476
7702
3182
8883
7218
6187
2916
49
7339
9864
9100
1878
6724
9828
4491
9840
6006
9059
1033
1603
4790
2671
3697
2509
9062
9860
2962
1257
3879
4012
6250
9841
375
1132
502
3436
6704
1866
3007
5256
6971
9591
1322
9610
6446
7091
5365
3130
1236
8901
4697
5736
3860
6290
2031
4939
8216
6308
2371
7564
490
116
8148
8193
9785
832
5242
9018
3204
8940
2871
1078
9826
4341
6476
9732
1714
147
8308
6015
535
1554
1292
8192
5879
6145
9309
7743
4040
7133
5458
5869
4168
1632
6872
9894
6697
9091
3963
3559
347
7182
6852
9450
4573
1228
9826
5343
508
2753
814
666
2009
7498
7542
6128
9918
8624
6288
4045
6280
3719
9888
2368
4262
27
3542
2173
5919
2932
180
2912
9638
9508
1870
5250
8514
1184
2943
5597
8755
758
2612
1023
4931
6518
9580
6829
9945
5347
9052
9322
9591
5952
3110
6039
6344
9098
3518
5249
742
203
6504
8060
5234
6275
1212
6586
730
9735
6274
9325
8823
9396
8774
9752
9144
3617
2854
3513
4286
5512
3301
8075
7687
6400
8221
766
5735
618
1270
6305
8977
8766
5054
4611
215
4787
8072
5550
812
3525
5904
9201
9404
6
3277
3242
7737
2660
1377
1822
2048
6551
7307
842
4078
7254
4589
8730
6477
6382
4696
9127
51
7620
5902
1482
6281
40
6113
7227
9232
8375
7023
6100
8745
4763
2282
3738
8065
1451
701
2750
3538
4419
7163
2425
7826
8650
6528
6957
1239
7675
6731
7283
5728
93
5769
3835
8243
6988
9309
7343
7040
4050
4728
9071
3687
4622
4564
7443
3826
6991
7950
2034
1864
995
2724
3614
8688
5490
2984
9576
56
3058
1511
221
1145
5248
5278
598
6404
3177
5529
9489
3601
6709
4168
6247
625
9445
5291
9047
7346
3545
5525
6240
3551
1870
7600
1625
3625
1862
4467
7093
1036
3038
2401
9136
6670
9166
5425
7612
5140
7063
5798
3477
6098
4999
1940
278
348
6346
9097
1055
3545
141
4134
8107
4586
8603
8200
8892
7185
5274
6225
4536
3008
5104
5803
682
8772
5858
931
1665
1639
3819
714
680
4275
733
1961
9220
7196
5886
5650
272
6899
3737
8278
6829
8139
174
4628
5270
3214
9895
7477
7496
6233
5821
7121
6437
9761
5592
8233
6518
9581
3161
2980
4805
1730
9259
240
6947
4565
2168
625
5590
7455
9812
6213
6150
7263
2904
5024
4906
7886
2114
5672
2905
2742
8604
4402
9195
1862
4313
22
3064
78
6606
8642
5860
7875
7790
3651
9643
1482
9547
5408
5576
4465
6728
8702
6306
6733
3306
909
8124
1578
8023
4822
6193
7296
3285
3908
8390
6046
9790
5344
8848
1916
8465
8915
1083
6717
6415
6465
3370
7051
5346
9881
1861
4637
2341
1493
4897
1989
677
7903
4231
367
7872
7262
1371
8098
7046
1593
5580
9992
7258
8364
5889
1615
5148
3509
4012
8045
7395
6547
71
4005
8491
7847
4220
8305
6992
1699
2308
431
6870
5999
9885
2460
828
8861
156
2373
9535
6157
3284
3331
1622
4424
7062
3941
8886
3599
4933
1827
9942
4134
8658
4953
7467
4894
619
6957
3079
7133
6228
6497
2378
7424
5410
4069
4930
2413
3640
4717
2857
2707
8523
3384
1447
2437
3683
1053
4154
6225
4270
6165
8090
9940
440
1855
5728
1441
7561
553
904
1262
3877
9828
4022
8666
7888
9822
4933
9432
8655
4919
6987
1262
3428
3091
9052
2137
1420
1355
3305
5581
9139
4115
5239
5001
1356
4721